1 0 5680 
2 5680 8244 
3 8244 16838 
4 16838 24255 
5 24255 26686 
6 26686 28161 
7 28161 29816 
8 29816 32504 
9 32504 35100 
10 35100 37368 
11 37368 40447 
12 40447 42532 
13 42532 45535 
14 45535 52506 
15 52506 58883 
16 58883 65792 
17 65792 72580 
18 72580 76540 
19 76540 84681 
20 84681 92483 
21 92483 95615 
22 95615 97430 
23 97430 100429 
24 100429 102060 
25 102060 105101 
26 105101 108553 
27 108553 110429 
28 110429 111972 
29 111972 116759 
30 116759 118519 
31 118519 120053 
32 120053 122533 
33 122533 126164 
34 126164 128243 
35 128243 129717 
36 129717 132544 
37 132544 140377 
38 140377 143725 
39 143725 147366 
40 147366 156256 
41 156256 160005 
42 160005 162845 
43 162845 165062 
44 165062 168645 
45 168645 172155 
46 172155 174241 
47 174241 175856 
48 175856 177665 
49 177665 184040 
50 184040 187254 
51 187254 189504 
52 189504 191379 
53 191379 194816 
54 194816 200335 
55 200335 202355 
56 202355 206520 
57 206520 209249 
58 209249 213021 
59 213021 214782 
60 214782 216334 
61 216334 217895 
62 217895 219528 
63 219528 223191 
64 223191 225939 
65 225939 229914 
66 229914 232308 
67 232308 234716 
68 234716 237318 
69 237318 239703 
70 239703 242250 
71 242250 265516 
72 265516 268743 
73 268743 272372 
74 272372 278703 
75 278703 281803 
76 281803 285111 
77 285111 288532 
78 288532 293780 
79 293780 295403 
80 295403 298003 
81 298003 301433 
82 301433 303894 
83 303894 304983 
84 304983 307355 
85 307355 312447 
86 312447 316683 
87 316683 319710 
88 319710 323496 
89 323496 326144 
90 326144 331573 
91 331573 334109 
92 334109 337907 
93 337907 339015 
94 339015 344338 
95 344338 345789 
96 345789 347012 
97 347012 349065 
98 349065 356517 
99 356517 359855 
100 359855 362402 
101 362402 363449 
102 363449 364552 
103 364552 371259 
104 371259 373437 
105 373437 375386 
106 375386 382093 
107 382093 388317 
108 388317 391962 
109 391962 392610 
110 392610 394464 
111 394464 397562 
112 397562 398837 
113 398837 401155 
114 401155 402285 
115 402285 405782 
116 405782 409911 
117 409911 414256 
118 414256 420561 
119 420561 424333 
120 424333 425062 
121 425062 429356 
122 429356 433454 
123 433454 434008 
124 434008 435024 
125 435024 436625 
126 436625 440297 
127 440297 443903 
128 443903 448724 
129 448724 451439 
130 451439 453535 
131 453535 456683 
132 456683 457502 
133 457502 464701 
134 464701 465665 
135 465665 468830 
136 468830 471232 
137 471232 473923 
138 473923 477346 
139 477346 479913 
140 479913 484001 
141 484001 486060 
142 486060 487939 
143 487939 492392 
144 492392 493832 
145 493832 498274 
146 498274 502173 
147 502173 507871 
148 507871 514553 
149 514553 519101 
150 519101 520919 
151 520919 522206 
152 522206 525072 
153 525072 531533 
154 531533 534089 
155 534089 537554 
156 537554 540284 
157 540284 542578 
158 542578 553095 
159 553095 553876 
160 553876 563009 
161 563009 569840 
162 569840 572062 
163 572062 574600 
164 574600 577008 
165 577008 579395 
166 579395 580759 
167 580759 581912 
168 581912 584875 
169 584875 595064 
170 595064 596358 
171 596358 600344 
172 600344 601486 
173 601486 601960 
174 601960 612773 
175 612773 614626 
176 614626 618007 
177 618007 621367 
178 621367 624967 
179 624967 634677 
180 634677 636879 
181 636879 638008 
182 638008 638806 
183 638806 639878 
184 639878 641728 
185 641728 650267 
186 650267 653740 
187 653740 660103 
188 660103 664935 
189 664935 670563 
190 670563 672287 
191 672287 677665 
192 677665 679374 
193 679374 681102 
194 681102 687922 
195 687922 690724 
196 690724 692238 
197 692238 694322 
198 694322 696920 
199 696920 699515 
200 699515 703313 
201 703313 708642 
202 708642 709965 
203 709965 724580 
204 724580 725695 
205 725695 727031 
206 727031 732285 
207 732285 734806 
208 734806 737914 
209 737914 744807 
210 744807 751032 
211 751032 760255 
212 760255 771971 
213 771971 774063 
214 774063 780584 
215 780584 786420 
216 786420 796469 
217 796469 804196 
218 804196 804404 
219 804404 804648 
220 804648 804917 
221 804917 805113 
222 805113 805343 
223 805343 805551 
224 805551 805804 
225 805804 811801 
226 811801 813043 
227 813043 817997 
228 817997 827998 
229 827998 833521 
230 833521 836577 
231 836577 838586 
232 838586 840559 
233 840559 842895 
234 842895 844734 
235 844734 846167 
236 846167 847680 
237 847680 849258 
238 849258 850910 
239 850910 854384 
240 854384 856948 
241 856948 872240 
242 872240 875560 
243 875560 883547 
244 883547 887240 
245 887240 890683 
246 890683 896852 
247 896852 899421 
248 899421 903124 
249 903124 905898 
250 905898 915278 
251 915278 916675 
252 916675 916869 
253 916869 918814 
254 918814 923804 
255 923804 925219 
256 925219 926930 
257 926930 928779 
258 928779 931668 
259 931668 939850 
260 939850 947383 
261 947383 950887 
262 950887 960651 
263 960651 962309 
264 962309 963274 
265 963274 964942 
266 964942 969088 
267 969088 972863 
268 972863 973901 
269 973901 989007 
270 989007 993153 
271 993153 999676 
272 999676 1003176 
273 1003176 1006687 
274 1006687 1007916 
275 1007916 1012722 
276 1012722 1013497 
277 1013497 1014009 
278 1014009 1021813 
279 1021813 1024685 
280 1024685 1028327 
281 1028327 1031075 
282 1031075 1032301 
283 1032301 1033307 
284 1033307 1035465 
285 1035465 1035718 
286 1035718 1035926 
287 1035926 1036189 
288 1036189 1048065 
289 1048065 1053435 
290 1053435 1059348 
291 1059348 1061127 
292 1061127 1062190 
293 1062190 1084874 
294 1084874 1086394 
295 1086394 1093028 
296 1093028 1099455 
297 1099455 1109046 
298 1109046 1110689 
299 1110689 1114478 
300 1114478 1116591 
301 1116591 1120364 
302 1120364 1122805 
303 1122805 1124871 
304 1124871 1127407 
305 1127407 1130869 
306 1130869 1133357 
307 1133357 1135900 
308 1135900 1156192 
309 1156192 1164615 
310 1164615 1169011 
311 1169011 1173511 
312 1173511 1177680 
313 1177680 1179239 
314 1179239 1183750 
315 1183750 1185139 
316 1185139 1186346 
317 1186346 1187851 
318 1187851 1195304 
319 1195304 1197509 
320 1197509 1215561 
321 1215561 1224466 
322 1224466 1230168 
323 1230168 1234218 
324 1234218 1237805 
325 1237805 1239884 
326 1239884 1256283 
327 1256283 1260769 
328 1260769 1261948 
329 1261948 1263901 
330 1263901 1265280 
331 1265280 1273482 
332 1273482 1278680 
333 1278680 1285550 
334 1285550 1287505 
335 1287505 1295736 
336 1295736 1303324 
337 1303324 1311856 
338 1311856 1316860 
339 1316860 1323631 
340 1323631 1338749 
341 1338749 1346317 
342 1346317 1351425 
343 1351425 1352821 
344 1352821 1354418 
345 1354418 1356597 
346 1356597 1357970 
347 1357970 1358814 
348 1358814 1365212 
349 1365212 1367371 
350 1367371 1375695 
351 1375695 1379945 
352 1379945 1381848 
353 1381848 1387112 
354 1387112 1392608 
355 1392608 1401751 
356 1401751 1406470 
357 1406470 1416022 
358 1416022 1419821 
359 1419821 1420921 
360 1420921 1422373 
361 1422373 1423758 
362 1423758 1432864 
363 1432864 1433187 
364 1433187 1434942 
365 1434942 1435737 
366 1435737 1437219 
367 1437219 1449799 
368 1449799 1457859 
369 1457859 1461964 
370 1461964 1466991 
371 1466991 1471481 
372 1471481 1480448 
373 1480448 1482692 
374 1482692 1488083 
375 1488083 1491035 
376 1491035 1494172 
377 1494172 1495880 
378 1495880 1503998 
379 1503998 1507714 
380 1507714 1521912 
381 1521912 1525221 
382 1525221 1529124 
383 1529124 1533463 
384 1533463 1545082 
385 1545082 1546038 
386 1546038 1554068 
387 1554068 1560360 
388 1560360 1561168 
389 1561168 1566876 
390 1566876 1582602 
391 1582602 1583544 
392 1583544 1589635 
393 1589635 1590338 
394 1590338 1595625 
395 1595625 1603713 
396 1603713 1605180 
397 1605180 1609569 
398 1609569 1610296 
399 1610296 1619235 
400 1619235 1620621 
401 1620621 1622634 
402 1622634 1625767 
403 1625767 1632103 
404 1632103 1633103 
405 1633103 1639760 
406 1639760 1640714 
407 1640714 1641878 
408 1641878 1642683 
409 1642683 1649012 
410 1649012 1651873 
411 1651873 1656968 
412 1656968 1666054 
413 1666054 1673425 
414 1673425 1675273 
415 1675273 1680780 
416 1680780 1684397 
417 1684397 1685923 
418 1685923 1686581 
419 1686581 1689882 
420 1689882 1699069 
421 1699069 1701965 
422 1701965 1704199 
423 1704199 1709930 
424 1709930 1711247 
425 1711247 1715676 
426 1715676 1716385 
427 1716385 1718955 
428 1718955 1720510 
429 1720510 1721662 
430 1721662 1724196 
431 1724196 1728574 
432 1728574 1731517 
433 1731517 1736965 
434 1736965 1742847 
435 1742847 1747328 
436 1747328 1750106 
437 1750106 1752190 
438 1752190 1753276 
439 1753276 1754100 
440 1754100 1756755 
441 1756755 1762554 
442 1762554 1763518 
443 1763518 1765342 
444 1765342 1767093 
445 1767093 1774582 
446 1774582 1775805 
447 1775805 1778048 
448 1778048 1780496 
449 1780496 1781906 
450 1781906 1782505 
451 1782505 1787525 
452 1787525 1793663 
453 1793663 1805303 
454 1805303 1806537 
455 1806537 1808896 
456 1808896 1809942 
457 1809942 1811223 
458 1811223 1813422 
459 1813422 1816259 
460 1816259 1821462 
461 1821462 1823919 
462 1823919 1826958 
463 1826958 1847054 
464 1847054 1849919 
465 1849919 1851548 
466 1851548 1853811 
467 1853811 1855591 
468 1855591 1857068 
469 1857068 1864435 
470 1864435 1869054 
471 1869054 1881661 
472 1881661 1884090 
473 1884090 1885929 
474 1885929 1887391 
475 1887391 1890516 
476 1890516 1891911 
477 1891911 1895808 
478 1895808 1896928 
479 1896928 1898075 
480 1898075 1899428 
481 1899428 1901830 
482 1901830 1903806 
483 1903806 1906183 
484 1906183 1909665 
485 1909665 1909881 
486 1909881 1910868 
487 1910868 1918204 
488 1918204 1923430 
489 1923430 1930016 
490 1930016 1934466 
491 1934466 1938181 
492 1938181 1940947 
493 1940947 1971886 
494 1971886 1975864 
495 1975864 1981167 
496 1981167 1984028 
497 1984028 1986009 
498 1986009 1990768 
499 1990768 1992010 
500 1992010 1994588 
501 1994588 1995266 
502 1995266 1995935 
503 1995935 1996627 
504 1996627 1997300 
505 1997300 1998012 
506 1998012 1998702 
507 1998702 1999403 
508 1999403 2000050 
509 2000050 2000692 
510 2000692 2001357 
511 2001357 2002007 
512 2002007 2002735 
513 2002735 2003431 
514 2003431 2004105 
515 2004105 2004747 
516 2004747 2005432 
517 2005432 2006070 
518 2006070 2006740 
519 2006740 2007395 
520 2007395 2008038 
521 2008038 2008701 
522 2008701 2009357 
523 2009357 2010023 
524 2010023 2010683 
525 2010683 2011361 
526 2011361 2012073 
527 2012073 2012735 
528 2012735 2013430 
529 2013430 2014105 
530 2014105 2014776 
531 2014776 2015466 
532 2015466 2016138 
533 2016138 2016816 
534 2016816 2017526 
535 2017526 2018191 
536 2018191 2018889 
537 2018889 2019596 
538 2019596 2020280 
539 2020280 2020988 
540 2020988 2021657 
541 2021657 2022342 
542 2022342 2023059 
543 2023059 2023756 
544 2023756 2024429 
545 2024429 2025077 
546 2025077 2025758 
547 2025758 2026419 
548 2026419 2027090 
549 2027090 2027738 
550 2027738 2028413 
551 2028413 2029076 
552 2029076 2029737 
553 2029737 2030400 
554 2030400 2031057 
555 2031057 2031726 
556 2031726 2032437 
557 2032437 2033104 
558 2033104 2033801 
559 2033801 2034478 
560 2034478 2035120 
561 2035120 2035800 
562 2035800 2036473 
563 2036473 2037166 
564 2037166 2037841 
565 2037841 2038553 
566 2038553 2039200 
567 2039200 2039866 
568 2039866 2040564 
569 2040564 2041237 
570 2041237 2041917 
571 2041917 2042589 
572 2042589 2043264 
573 2043264 2043957 
574 2043957 2044669 
575 2044669 2045335 
576 2045335 2046031 
577 2046031 2046692 
578 2046692 2047416 
579 2047416 2048094 
580 2048094 2048747 
581 2048747 2049429 
582 2049429 2050094 
583 2050094 2050770 
584 2050770 2051434 
585 2051434 2052085 
586 2052085 2052749 
587 2052749 2053408 
588 2053408 2054084 
589 2054084 2054744 
590 2054744 2055458 
591 2055458 2056145 
592 2056145 2056813 
593 2056813 2057510 
594 2057510 2058175 
595 2058175 2058843 
596 2058843 2059516 
597 2059516 2060189 
598 2060189 2060860 
599 2060860 2061553 
600 2061553 2062227 
601 2062227 2062938 
602 2062938 2063605 
603 2063605 2064303 
604 2064303 2065009 
605 2065009 2065682 
606 2065682 2066331 
607 2066331 2067006 
608 2067006 2067679 
609 2067679 2068371 
610 2068371 2069051 
611 2069051 2069763 
612 2069763 2070430 
613 2070430 2071101 
614 2071101 2071766 
615 2071766 2072488 
616 2072488 2073185 
617 2073185 2073849 
618 2073849 2074525 
619 2074525 2075201 
620 2075201 2075852 
621 2075852 2076520 
622 2076520 2077183 
623 2077183 2077850 
624 2077850 2078505 
625 2078505 2079175 
626 2079175 2079839 
627 2079839 2080507 
628 2080507 2081173 
629 2081173 2081856 
630 2081856 2082568 
631 2082568 2083205 
632 2083205 2083900 
633 2083900 2084567 
634 2084567 2085264 
635 2085264 2085937 
636 2085937 2086645 
637 2086645 2087339 
638 2087339 2088016 
639 2088016 2088688 
640 2088688 2089397 
641 2089397 2090064 
642 2090064 2090787 
643 2090787 2091434 
644 2091434 2092090 
645 2092090 2092785 
646 2092785 2093461 
647 2093461 2094136 
648 2094136 2094819 
649 2094819 2095531 
650 2095531 2096205 
651 2096205 2096897 
652 2096897 2097601 
653 2097601 2098272 
654 2098272 2098953 
655 2098953 2099621 
656 2099621 2100340 
657 2100340 2101063 
658 2101063 2101734 
659 2101734 2102431 
660 2102431 2103099 
661 2103099 2103756 
662 2103756 2104417 
663 2104417 2105082 
664 2105082 2105744 
665 2105744 2106438 
666 2106438 2107112 
667 2107112 2107763 
668 2107763 2108416 
669 2108416 2109069 
670 2109069 2109734 
671 2109734 2110398 
672 2110398 2111091 
673 2111091 2111774 
674 2111774 2112478 
675 2112478 2113144 
676 2113144 2113851 
677 2113851 2114547 
678 2114547 2115217 
679 2115217 2115912 
680 2115912 2116599 
681 2116599 2117298 
682 2117298 2117981 
683 2117981 2118663 
684 2118663 2119370 
685 2119370 2120033 
686 2120033 2120242 
687 2120242 2120434 
688 2120434 2121130 
689 2121130 2121809 
690 2121809 2122516 
691 2122516 2123231 
692 2123231 2123899 
693 2123899 2124572 
694 2124572 2125268 
695 2125268 2125928 
696 2125928 2126594 
697 2126594 2127255 
698 2127255 2127915 
699 2127915 2128617 
700 2128617 2129276 
701 2129276 2129949 
702 2129949 2130608 
703 2130608 2131250 
704 2131250 2131911 
705 2131911 2132576 
706 2132576 2133226 
707 2133226 2133889 
708 2133889 2134549 
709 2134549 2135227 
710 2135227 2135885 
711 2135885 2136552 
712 2136552 2137255 
713 2137255 2137963 
714 2137963 2138686 
715 2138686 2139383 
716 2139383 2140046 
717 2140046 2140719 
718 2140719 2141413 
719 2141413 2142070 
720 2142070 2142766 
721 2142766 2143419 
722 2143419 2144088 
723 2144088 2144769 
724 2144769 2145435 
725 2145435 2146114 
726 2146114 2146817 
727 2146817 2147480 
728 2147480 2148136 
729 2148136 2148832 
730 2148832 2149498 
731 2149498 2150179 
732 2150179 2150837 
733 2150837 2151540 
734 2151540 2152207 
735 2152207 2152891 
736 2152891 2153560 
737 2153560 2154239 
738 2154239 2154956 
739 2154956 2155668 
740 2155668 2156391 
741 2156391 2157056 
742 2157056 2157793 
743 2157793 2158487 
744 2158487 2159150 
745 2159150 2159818 
746 2159818 2160475 
747 2160475 2161163 
748 2161163 2161810 
749 2161810 2162463 
750 2162463 2163139 
751 2163139 2163795 
752 2163795 2164469 
753 2164469 2165130 
754 2165130 2165818 
755 2165818 2166470 
756 2166470 2167172 
757 2167172 2167858 
758 2167858 2168523 
759 2168523 2169218 
760 2169218 2169879 
761 2169879 2170546 
762 2170546 2171248 
763 2171248 2171937 
764 2171937 2172604 
765 2172604 2173272 
766 2173272 2173952 
767 2173952 2174616 
768 2174616 2175311 
769 2175311 2176010 
770 2176010 2176671 
771 2176671 2177324 
772 2177324 2178029 
773 2178029 2178701 
774 2178701 2179366 
775 2179366 2180056 
776 2180056 2180736 
777 2180736 2181394 
778 2181394 2182090 
779 2182090 2182825 
780 2182825 2183520 
781 2183520 2184187 
782 2184187 2184901 
783 2184901 2185614 
784 2185614 2186320 
785 2186320 2187042 
786 2187042 2187767 
787 2187767 2188466 
788 2188466 2189160 
789 2189160 2189855 
790 2189855 2190567 
791 2190567 2191264 
792 2191264 2191946 
793 2191946 2192651 
794 2192651 2193298 
795 2193298 2193956 
796 2193956 2194651 
797 2194651 2195319 
798 2195319 2196024 
799 2196024 2196692 
800 2196692 2197382 
801 2197382 2198051 
802 2198051 2198728 
803 2198728 2199384 
804 2199384 2200081 
805 2200081 2200763 
806 2200763 2201405 
807 2201405 2202111 
808 2202111 2202783 
809 2202783 2203454 
810 2203454 2204149 
811 2204149 2204826 
812 2204826 2205534 
813 2205534 2206193 
814 2206193 2206937 
815 2206937 2207680 
816 2207680 2208414 
817 2208414 2209109 
818 2209109 2209788 
819 2209788 2210434 
820 2210434 2211089 
821 2211089 2211748 
822 2211748 2212414 
823 2212414 2213054 
824 2213054 2213740 
825 2213740 2214374 
826 2214374 2215018 
827 2215018 2215686 
828 2215686 2216333 
829 2216333 2217016 
830 2217016 2217723 
831 2217723 2218381 
832 2218381 2219076 
833 2219076 2219295 
834 2219295 2219976 
835 2219976 2220675 
836 2220675 2221380 
837 2221380 2222068 
838 2222068 2222739 
839 2222739 2223434 
840 2223434 2224106 
841 2224106 2224788 
842 2224788 2225446 
843 2225446 2226132 
844 2226132 2226829 
845 2226829 2227535 
846 2227535 2228193 
847 2228193 2228886 
848 2228886 2229581 
849 2229581 2230241 
850 2230241 2230966 
851 2230966 2231657 
852 2231657 2232304 
853 2232304 2232976 
854 2232976 2233637 
855 2233637 2234296 
856 2234296 2234952 
857 2234952 2235586 
858 2235586 2236243 
859 2236243 2236894 
860 2236894 2237551 
861 2237551 2238211 
862 2238211 2238866 
863 2238866 2239532 
864 2239532 2240236 
865 2240236 2240904 
866 2240904 2241597 
867 2241597 2242245 
868 2242245 2242921 
869 2242921 2243583 
870 2243583 2244309 
871 2244309 2245013 
872 2245013 2245710 
873 2245710 2246413 
874 2246413 2247081 
875 2247081 2247751 
876 2247751 2248413 
877 2248413 2249098 
878 2249098 2249754 
879 2249754 2250424 
880 2250424 2251092 
881 2251092 2251788 
882 2251788 2252453 
883 2252453 2253141 
884 2253141 2253847 
885 2253847 2254550 
886 2254550 2255231 
887 2255231 2255904 
888 2255904 2256587 
889 2256587 2257255 
890 2257255 2257951 
891 2257951 2258621 
892 2258621 2259299 
893 2259299 2259962 
894 2259962 2260617 
895 2260617 2261267 
896 2261267 2261926 
897 2261926 2262569 
898 2262569 2263228 
899 2263228 2263904 
900 2263904 2264563 
901 2264563 2265218 
902 2265218 2265922 
903 2265922 2266609 
904 2266609 2267276 
905 2267276 2267979 
906 2267979 2268674 
907 2268674 2269343 
908 2269343 2270048 
909 2270048 2270720 
910 2270720 2271393 
911 2271393 2272093 
912 2272093 2272779 
913 2272779 2273446 
914 2273446 2274141 
915 2274141 2274833 
916 2274833 2275501 
917 2275501 2276206 
918 2276206 2276888 
919 2276888 2277582 
920 2277582 2278231 
921 2278231 2278885 
922 2278885 2279531 
923 2279531 2280237 
924 2280237 2280937 
925 2280937 2281612 
926 2281612 2282287 
927 2282287 2282972 
928 2282972 2283639 
929 2283639 2284335 
930 2284335 2285008 
931 2285008 2285664 
932 2285664 2286326 
933 2286326 2286983 
934 2286983 2287632 
935 2287632 2288295 
936 2288295 2288947 
937 2288947 2289619 
938 2289619 2290256 
939 2290256 2290906 
940 2290906 2291571 
941 2291571 2292232 
942 2292232 2292938 
943 2292938 2293625 
944 2293625 2294316 
945 2294316 2294976 
946 2294976 2295650 
947 2295650 2296346 
948 2296346 2296999 
949 2296999 2297666 
950 2297666 2298334 
951 2298334 2298980 
952 2298980 2299630 
953 2299630 2300336 
954 2300336 2301005 
955 2301005 2301705 
956 2301705 2302372 
957 2302372 2303054 
958 2303054 2303714 
959 2303714 2304354 
960 2304354 2305050 
961 2305050 2305717 
962 2305717 2306423 
963 2306423 2307119 
964 2307119 2307787 
965 2307787 2308486 
966 2308486 2309154 
967 2309154 2309830 
968 2309830 2310490 
969 2310490 2311186 
970 2311186 2311834 
971 2311834 2312490 
972 2312490 2313165 
973 2313165 2313843 
974 2313843 2314494 
975 2314494 2315143 
976 2315143 2315843 
977 2315843 2316520 
978 2316520 2317170 
979 2317170 2317818 
980 2317818 2318524 
981 2318524 2319164 
982 2319164 2319846 
983 2319846 2320565 
984 2320565 2321243 
985 2321243 2321889 
986 2321889 2322542 
987 2322542 2323190 
988 2323190 2323848 
989 2323848 2324484 
990 2324484 2325144 
991 2325144 2325787 
992 2325787 2326429 
993 2326429 2327098 
994 2327098 2327749 
995 2327749 2328444 
996 2328444 2329111 
997 2329111 2329816 
998 2329816 2330450 
999 2330450 2331127 
1000 2331127 2331791 
